City,Lat,Lng,Max Temp,Humidity,Cloudiness,Wind Speed,Country,Date
qaanaaq,77.484,-69.3632,31.57,84,96,12.08,GL,1619636371
angoram,-4.0625,144.0661,72.73,97,100,2.13,PG,1619636372
dasoguz,41.8363,59.9666,77.0,29,0,4.61,TM,1619636372
chokurdakh,70.6333,147.9167,1.2,95,82,7.11,RU,1619636373
busselton,-33.65,115.3333,61.0,97,100,3.89,AU,1619636373
ushuaia,-54.8,-68.3,42.8,75,40,27.63,AR,1619636164
cabedelo,-6.9811,-34.8339,84.2,74,75,12.66,BR,1619636374
albany,42.6001,-73.9662,73.99,36,100,3.83,US,1619636376
faanui,-16.4833,-151.75,81.9,72,96,11.3,PF,1619636376
ancud,-41.8697,-73.8203,55.0,100,90,3.44,CL,1619636377
karlivka,49.4567,35.1295,44.33,52,6,3.02,UA,1619636377
carnarvon,-24.8667,113.6333,64.4,94,0,5.75,AU,1619636378
uvat,59.1433,68.8953,41.81,82,100,5.61,RU,1619636378
honningsvag,70.9821,25.9704,28.4,80,75,6.91,NO,1619636379
vaini,-21.2,-175.2,69.8,100,75,2.3,TO,1619636379
stornoway,58.2093,-6.3865,44.6,76,75,9.22,GB,1619636380
coquimbo,-29.9533,-71.3436,64.4,68,0,11.5,CL,1619636380
barrow,71.2906,-156.7887,17.6,93,90,6.91,US,1619636381
talnakh,69.4865,88.3972,33.33,94,100,11.21,RU,1619636381
dikson,73.5069,80.5464,22.51,96,100,8.86,RU,1619636382
cape town,-33.9258,18.4232,60.01,72,40,11.5,ZA,1619636178
kaoma,-14.7833,24.8,69.12,65,82,5.06,ZM,1619636382
kaohsiung,22.6163,120.3133,75.99,83,75,3.44,TW,1619636383
iqaluit,63.7506,-68.5145,30.2,93,90,12.66,CA,1619636339
kapaa,22.0752,-159.319,73.99,83,75,3.44,US,1619636384
saint-philippe,-21.3585,55.7679,77.0,78,0,5.75,RE,1619636384
bluff,-46.6,168.3333,53.01,92,100,3.0,NZ,1619636385
hilo,19.7297,-155.09,78.8,57,20,5.79,US,1619636385
kaka,37.3482,59.6143,79.32,20,99,2.08,TM,1619636386
parana,-31.732,-60.5238,70.93,49,0,3.0,AR,1619636386
nemuro,43.3236,145.575,41.0,89,100,9.69,JP,1619636387
punta arenas,-53.15,-70.9167,42.8,81,75,25.32,CL,1619636367
surt,31.2089,16.5887,76.82,52,100,3.56,LY,1619636388
atuona,-9.8,-139.0333,79.52,70,100,13.98,PF,1619636388
bengkulu,-3.8004,102.2655,75.63,90,100,3.67,ID,1619636389
port lincoln,-34.7333,135.8667,61.81,58,9,3.69,AU,1619636389
russell,32.3502,-85.1999,82.4,47,75,8.05,US,1619636390
batemans bay,-35.7167,150.1833,54.0,95,23,1.99,AU,1619636390
namatanai,-3.6667,152.4333,79.14,82,96,6.78,PG,1619636391
mayumba,-3.432,10.6554,79.38,87,100,3.58,GA,1619636391
leningradskiy,69.3833,178.4167,13.15,86,28,5.59,RU,1619636392
sabha,27.0377,14.4283,90.72,9,86,12.24,LY,1619636394
kodiak,57.79,-152.4072,42.8,87,90,13.8,US,1619636224
mar del plata,-38.0023,-57.5575,75.2,50,0,13.8,AR,1619636394
manokwari,-0.8667,134.0833,78.26,76,12,3.06,ID,1619636395
longyearbyen,78.2186,15.6401,21.2,68,40,9.22,SJ,1619636395
bhatkal,13.9667,74.5667,82.58,76,0,2.68,IN,1619636396
hithadhoo,-0.6,73.0833,83.28,67,15,3.29,MV,1619636396
puerto ayora,-0.7393,-90.3518,84.2,70,40,17.27,EC,1619636397
port hardy,50.6996,-127.4199,50.0,93,90,17.27,CA,1619636398
norman wells,65.282,-126.8329,28.4,59,40,11.5,CA,1619636398
geraldton,-28.7667,114.6,60.8,72,100,9.22,AU,1619636398
sao joao da barra,-21.6403,-41.0511,80.6,61,75,6.91,BR,1619636264
kafanchan,9.5833,8.3,82.09,51,99,4.63,NG,1619636399
hobart,-42.8794,147.3294,55.4,71,70,5.75,AU,1619636250
rikitea,-23.1203,-134.9692,76.62,68,25,11.52,PF,1619636401
namibe,-15.1961,12.1522,76.59,68,4,13.56,AO,1619636401
jumla,29.2747,82.1838,48.94,72,59,5.12,NP,1619636402
paulo afonso,-9.4061,-38.2147,93.2,38,40,5.75,BR,1619636161
millinocket,45.6573,-68.7098,68.0,22,1,4.61,US,1619636406
rio gallegos,-51.6226,-69.2181,55.4,30,20,33.38,AR,1619636409
san jose,37.3394,-121.895,78.01,32,0,1.99,US,1619636358
saskylakh,71.9167,114.0833,21.6,98,90,7.07,RU,1619636410
pallasovka,50.05,46.8833,40.28,84,9,7.09,RU,1619636411
isangel,-19.55,169.2667,72.77,60,6,14.58,VU,1619636412
port alfred,-33.5906,26.891,67.39,81,88,11.9,ZA,1619636413
constitucion,-35.3333,-72.4167,66.88,55,49,9.42,CL,1619636156
saint anthony,45.0205,-93.218,59.0,58,75,6.91,US,1619636414
golden,39.7555,-105.2211,53.01,71,75,5.75,US,1619636347
sechura,-5.5569,-80.8222,80.6,54,11,12.82,PE,1619636415
mount gambier,-37.8333,140.7667,48.2,93,6,5.75,AU,1619636283
asau,46.4333,26.4,43.0,63,100,2.21,RO,1619636415
ojinaga,29.5667,-104.4167,82.4,17,40,4.61,MX,1619636416
sorland,67.667,12.6934,37.4,65,20,11.5,NO,1619636417
waipawa,-41.4122,175.5153,48.2,87,0,10.36,NZ,1619636417
ponta do sol,32.6667,-17.1,63.0,77,76,1.99,PT,1619636418
ravar,31.2656,56.8055,79.32,23,100,9.75,IR,1619636420
lavrentiya,65.5833,-171.0,20.39,84,7,7.47,RU,1619636421
hambantota,6.1241,81.1185,77.0,100,75,3.44,LK,1619636422
bambous virieux,-20.3428,57.7575,75.2,94,75,11.5,MU,1619636425
bethel,41.3712,-73.414,80.01,36,1,5.75,US,1619636425
den helder,52.9599,4.7593,50.0,66,90,18.41,NL,1619636426
tuktoyaktuk,69.4541,-133.0374,23.0,74,75,11.5,CA,1619636426
chernyshevskiy,63.0128,112.4714,11.19,95,12,0.98,RU,1619636427
ribeira grande,38.5167,-28.7,64.4,63,40,14.97,PT,1619636427
port elizabeth,-33.918,25.5701,64.4,88,0,9.22,ZA,1619636428
paka,4.6374,103.4368,77.0,94,100,4.68,MY,1619636428
kovur,14.4833,79.9833,80.69,88,0,6.53,IN,1619636429
tupik,54.4253,119.9327,21.31,82,100,9.78,RU,1619636429
ostrovnoy,68.0531,39.5131,22.5,83,100,5.91,RU,1619636430
narsaq,60.9167,-46.05,48.2,53,20,13.8,GL,1619636430
thompson,55.7435,-97.8558,28.4,40,20,16.11,CA,1619636431
quatre cocos,-20.2078,57.7625,75.2,94,75,11.5,MU,1619636432
kropotkin,45.4375,40.5756,50.0,85,99,8.63,RU,1619636432
east london,-33.0153,27.9116,62.6,94,0,9.22,ZA,1619636433
bredasdorp,-34.5322,20.0403,55.4,71,30,6.91,ZA,1619636433
chute-aux-outardes,49.1168,-68.399,53.6,50,1,16.11,CA,1619636434
constantine,36.365,6.6147,66.2,59,40,9.22,DZ,1619636149
san patricio,28.017,-97.5169,91.4,62,40,21.85,US,1619636434
yar-sale,66.8333,70.8333,9.81,97,63,5.86,RU,1619636435
brae,60.3964,-1.353,42.8,70,40,5.75,GB,1619636435
cabo san lucas,22.8909,-109.9124,78.01,56,1,6.91,MX,1619636172
siguiri,11.6667,-9.5,96.31,24,65,3.56,GN,1619636436
vandavasi,12.5,79.6167,83.12,77,0,7.38,IN,1619636437
jamestown,42.097,-79.2353,72.0,60,90,16.11,US,1619636319
skibbereen,51.55,-9.2667,50.0,50,75,11.5,IE,1619636438
macapa,0.0389,-51.0664,91.4,49,75,8.05,BR,1619636438
padilla,3.2204,-76.3139,78.8,69,75,5.75,CO,1619636439
gat,31.61,34.7642,69.01,100,0,6.98,IL,1619636284
aksu,41.1231,80.2644,67.68,15,0,3.51,CN,1619636439
mangan,27.5167,88.5333,71.02,52,97,5.79,IN,1619636440
ambulu,-8.345,113.6058,73.99,78,100,3.15,ID,1619636440
kruisfontein,-34.0033,24.7314,62.01,88,73,3.0,ZA,1619636441
bandar,2.05,99.75,72.48,98,100,2.48,ID,1619636441
grand-santi,4.25,-54.3833,80.51,91,64,2.93,GF,1619636442
lebu,-37.6167,-73.65,62.26,71,100,6.49,CL,1619636442
alugan,12.2188,125.4808,78.46,75,100,4.5,PH,1619636443
adrar,20.5022,-10.0711,93.02,16,2,5.7,MR,1619636444
kavaratti,10.5669,72.642,84.56,69,0,4.85,IN,1619636445
athmallik,20.7219,84.5348,80.8,71,46,3.98,IN,1619636447
martapura,-3.4167,114.85,77.0,100,40,3.44,ID,1619636447
butaritari,3.0707,172.7902,82.62,76,100,10.83,KI,1619636448
ulaangom,49.9811,92.0667,48.52,52,100,0.6,MN,1619636448
new norfolk,-42.7826,147.0587,51.01,84,95,2.75,AU,1619636449
tiksi,71.6872,128.8694,19.42,93,69,8.88,RU,1619636449
havelock,34.8791,-76.9013,80.6,54,1,18.41,US,1619636450
upernavik,72.7868,-56.1549,31.19,82,52,10.56,GL,1619636450
mana,5.6592,-53.7767,79.66,82,100,8.32,GF,1619636451
cherskiy,68.75,161.3,22.01,90,100,7.23,RU,1619636451
colares,38.7992,-9.4469,60.01,72,40,19.57,PT,1619636452
sarakhs,36.5449,61.1577,82.4,24,100,4.61,IR,1619636452
provideniya,64.3833,-173.3,30.76,57,0,8.46,RU,1619636453
buritis,-15.6178,-46.4233,80.91,61,94,1.88,BR,1619636453
arraial do cabo,-22.9661,-42.0278,80.6,65,40,10.36,BR,1619636454
mogzon,51.7435,111.9606,18.05,91,71,3.11,RU,1619636454
touros,-5.1989,-35.4608,84.2,70,75,8.05,BR,1619636455
timra,62.487,17.3257,34.0,93,20,2.3,SE,1619636455
herat,34.5,62.0,77.0,18,0,3.44,AF,1619636456
khatanga,71.9667,102.5,15.15,95,100,4.16,RU,1619636456
sitka,57.0531,-135.33,46.4,87,75,3.44,US,1619636457
abu samrah,35.3029,37.1841,69.1,46,0,7.67,SY,1619636458
dubbo,-32.25,148.6167,46.4,93,1,12.66,AU,1619636458
vanderhoof,54.0166,-124.0198,45.7,81,100,5.77,CA,1619636402
boyabat,41.4689,34.7667,59.05,70,89,0.67,TR,1619636459
kurumkan,54.3,110.3,25.0,67,82,0.72,RU,1619636459
severo-kurilsk,50.6789,156.125,33.73,90,100,3.96,RU,1619636460
barddhaman,23.25,87.85,82.0,31,5,6.73,IN,1619636460
mataura,-46.1927,168.8643,53.01,92,100,3.0,NZ,1619636461
kaitangata,-46.2817,169.8464,55.0,81,100,3.0,NZ,1619636461
baryshivka,50.361,31.3217,51.01,56,0,6.71,UA,1619636462
maragogi,-9.0122,-35.2225,80.85,79,89,8.16,BR,1619636462
hermanus,-34.4187,19.2345,57.0,86,13,8.39,ZA,1619636463
kibondo,-3.5864,30.7203,64.02,89,89,2.1,TZ,1619636464
olinda,-8.0089,-34.8553,80.6,74,40,5.75,BR,1619636465
victoria,22.2855,114.1577,73.99,88,100,1.01,HK,1619636464
okhotsk,59.3833,143.3,27.79,83,99,5.97,RU,1619636466
ambon,-3.6954,128.1814,75.2,88,40,9.22,ID,1619636467
castro,-24.7911,-50.0119,69.4,49,13,5.64,BR,1619636468
cidreira,-30.1811,-50.2056,68.92,67,64,11.81,BR,1619636468
erzin,36.9559,36.2,64.99,86,11,1.01,TR,1619636470
kulebaki,55.4133,42.5325,34.5,92,9,6.26,RU,1619636471
coihaique,-45.5752,-72.0662,53.6,66,75,3.44,CL,1619636472
uarini,-2.99,-65.1083,78.8,94,75,4.61,BR,1619636472
nipawin,53.3668,-104.0009,35.6,30,75,5.75,CA,1619636364
awbari,26.5921,12.7805,94.66,12,100,7.92,LY,1619636474
nikolskoye,59.7035,30.7861,37.99,75,40,6.71,RU,1619636475
bucksport,44.5737,-68.7956,64.0,36,100,11.99,US,1619636478
charters towers,-20.1,146.2667,62.11,88,0,6.53,AU,1619636479
paramonga,-10.6667,-77.8333,70.84,78,36,10.83,PE,1619636479
bowen,-20.0167,148.2333,68.0,94,90,4.61,AU,1619636480
abu kamal,34.4506,40.9171,79.36,20,0,6.51,SY,1619636480
vallenar,-28.5708,-70.7581,81.1,27,0,7.83,CL,1619636481
yatou,37.15,122.3833,49.95,96,47,8.63,CN,1619636481
biryusinsk,55.9634,97.8235,34.92,92,100,10.74,RU,1619636482
zhigansk,66.7697,123.3711,21.9,92,100,2.44,RU,1619636482
kenai,60.5544,-151.2583,48.2,46,1,2.57,US,1619636483
mabaruma,8.2,-59.7833,79.7,80,100,5.32,GY,1619636484
yellowknife,62.456,-114.3525,21.0,68,90,14.97,CA,1619636404
bukachacha,52.9833,116.9167,20.23,90,59,5.44,RU,1619636484
haines junction,60.7522,-137.5108,35.6,35,29,3.44,CA,1619636485
pangnirtung,66.1451,-65.7125,24.8,74,90,9.22,CA,1619636485
meulaboh,4.1363,96.1285,77.77,90,100,6.64,ID,1619636486
olafsvik,64.8945,-23.7142,43.47,66,4,6.17,IS,1619636486
mahebourg,-20.4081,57.7,75.2,94,75,11.5,MU,1619636487
great yarmouth,52.6083,1.7305,46.4,71,0,16.11,GB,1619636487
hay river,60.8156,-115.7999,23.0,50,86,11.5,CA,1619636404
begunitsy,59.5855,29.3176,33.8,75,40,6.71,RU,1619636488
saint-francois,46.4154,3.9054,53.6,94,90,4.61,FR,1619636488
saveh,35.0213,50.3566,69.62,46,43,1.66,IR,1619636489
maputo,-25.9653,32.5892,77.0,88,20,5.75,MZ,1619636489
klaksvik,62.2266,-6.589,39.2,81,75,10.36,FO,1619636490
acapulco,16.8634,-99.8901,84.2,74,75,9.22,MX,1619636412
sao filipe,14.8961,-24.4956,73.65,75,24,14.09,CV,1619636491
new plymouth,-39.0667,174.0833,45.0,66,14,8.01,NZ,1619636448
buchanan,5.8808,-10.0467,84.2,79,20,6.91,LR,1619636492
sur,22.5667,59.5289,89.1,35,100,8.55,OM,1619636492
noumea,-22.2763,166.4572,72.0,94,0,2.3,NC,1619636493
saint-augustin,51.226,-58.6502,43.65,70,86,5.46,CA,1619636494
yulara,-25.2406,130.9889,53.6,47,0,6.91,AU,1619636494
padang,-0.9492,100.3543,77.0,100,75,5.75,ID,1619636495
souillac,-20.5167,57.5167,75.2,94,75,11.5,MU,1619636496
georgetown,5.4112,100.3354,78.8,89,20,2.3,MY,1619636488
te anau,-45.4167,167.7167,49.46,94,100,3.96,NZ,1619636498
saldanha,-33.0117,17.9442,59.0,72,96,12.66,ZA,1619636498
walvis bay,-22.9575,14.5053,62.6,77,0,3.44,NA,1619636499
biggar,55.6167,-3.5167,44.6,70,40,10.36,GB,1619636499
avarua,-21.2078,-159.775,82.4,83,20,5.75,CK,1619636500
kempsey,-31.0833,152.8333,53.01,98,40,3.0,AU,1619636501
nome,64.5011,-165.4064,32.0,74,20,16.11,US,1619636501
langsa,4.4683,97.9683,75.24,93,96,1.54,ID,1619636502
port-cartier,50.0334,-66.8654,51.01,50,75,9.22,CA,1619636502
ulaanbaatar,47.9077,106.8832,26.6,63,0,5.48,MN,1619636502
dingle,10.9995,122.6711,73.99,87,95,5.53,PH,1619636503
pisco,-13.7,-76.2167,66.99,88,90,8.05,PE,1619636504
saint marys,30.7305,-81.5465,80.01,88,1,12.66,US,1619636339
khandyga,62.6667,135.6,29.75,99,100,0.56,RU,1619636505
necochea,-38.5473,-58.7368,70.0,66,91,5.01,AR,1619636505
puerto del rosario,28.5004,-13.8627,69.8,68,20,10.36,ES,1619636506
vila franca do campo,37.7167,-25.4333,60.8,67,20,5.75,PT,1619636506
san policarpo,12.1791,125.5072,78.37,75,100,4.72,PH,1619636507
rize,40.9044,40.8949,45.86,70,100,5.12,TR,1619636507
sumbe,-11.2061,13.8437,79.86,86,72,7.52,AO,1619636508
lagos,6.5833,3.75,84.2,74,20,9.22,NG,1619636508
chumikan,54.7183,135.315,29.82,82,100,22.15,RU,1619636509
yumen,40.2833,97.2,60.53,12,50,22.62,CN,1619636509
nanortalik,60.1432,-45.2371,37.26,84,57,1.39,GL,1619636510
salinas,36.6777,-121.6555,78.01,33,1,5.39,US,1619636510
dwarka,22.2394,68.9678,81.7,76,100,8.61,IN,1619636511
benguela,-12.5763,13.4055,79.3,80,94,4.52,AO,1619636511
tasiilaq,65.6145,-37.6368,32.0,93,75,5.75,GL,1619636511
trujillo alto,18.3547,-66.0074,79.0,78,75,12.66,PR,1619636512
lusaka,-15.4067,28.2871,68.47,58,38,8.21,ZM,1619636513
laguna,38.421,-121.4238,78.01,26,1,4.27,US,1619636513
grocka,44.6722,20.7175,50.0,93,40,8.05,RS,1619636514
ritchie,-29.038,24.6028,62.6,67,0,19.57,ZA,1619636514
aklavik,68.2191,-135.0107,32.0,34,20,6.91,CA,1619636515
xingyi,24.1877,102.817,54.43,84,100,6.44,CN,1619636515
vila velha,-20.3297,-40.2925,78.8,69,75,12.66,BR,1619636245
puerto lempira,15.2667,-83.7667,87.8,70,20,9.22,HN,1619636516
katsuura,35.1333,140.3,64.4,77,75,16.11,JP,1619636516
belyy yar,53.6039,91.3903,55.4,62,0,8.95,RU,1619636517
narbonne,43.0833,2.8333,57.2,82,90,3.44,FR,1619636518
luanda,-8.8368,13.2343,82.4,74,40,9.22,AO,1619636257
port arthur,38.8,121.2667,55.4,54,0,13.42,CN,1619636519
limulunga,-15.0969,23.1376,69.37,71,46,3.85,ZM,1619636519
flinders,-34.5833,150.8552,55.0,88,9,1.01,AU,1619636520
alto parana,-23.1289,-52.3189,78.8,36,20,5.75,BR,1619636521
lyuban,52.7985,28.0048,38.8,75,6,7.63,BY,1619636521
cururupu,-1.8283,-44.8683,83.28,69,100,5.66,BR,1619636523
sambava,-14.2667,50.1667,76.51,87,92,11.1,MG,1619636523
pueblo nuevo,23.3833,-105.3833,72.64,36,10,10.33,MX,1619636524
kijang,35.2442,129.2139,59.0,82,0,2.3,KR,1619636524
saint-pierre,-21.3393,55.4781,77.0,78,0,5.75,RE,1619636525
polyarnyy,69.1989,33.4478,24.8,68,40,4.47,RU,1619636526
kyabe,9.4515,18.9449,93.56,29,100,9.06,TD,1619636526
torbay,47.6666,-52.7314,46.99,81,75,18.41,CA,1619636527
bonthe,7.5264,-12.505,82.24,70,100,9.22,SL,1619636527
oranjemund,-28.55,16.4333,59.41,93,68,13.87,NA,1619636528
margate,51.3813,1.3862,46.99,73,100,5.01,GB,1619636528
kidal,18.4411,1.4078,97.68,6,0,10.71,ML,1619636528
pevek,69.7008,170.3133,13.93,91,100,7.65,RU,1619636529
ordynskoye,54.3656,81.8994,41.99,91,83,4.54,RU,1619636529
san cristobal,7.7669,-72.225,78.8,78,75,5.75,VE,1619636530
otsuki,35.6,138.9333,59.0,82,40,9.22,JP,1619636531
zhaoyuan,37.3592,120.3964,50.83,58,0,10.04,CN,1619636532
asyut,27.181,31.1837,82.4,24,0,6.62,EG,1619636532
lucapa,-8.4192,20.7447,69.33,86,88,1.74,AO,1619636534
esperance,-33.8667,121.9,64.4,59,100,14.97,AU,1619636536
husavik,66.0449,-17.3389,41.0,52,20,14.97,IS,1619636536
jalu,29.0331,21.5482,84.92,7,11,11.1,LY,1619636537
boden,65.8252,21.6886,33.8,75,75,3.44,SE,1619636537
egvekinot,66.3167,-179.1667,14.43,87,47,2.57,RU,1619636538
taoudenni,22.6783,-3.9836,99.28,13,97,8.21,ML,1619636538
yerbogachen,61.2767,108.0108,19.81,94,10,2.84,RU,1619636539
port hedland,-20.3167,118.5667,69.8,49,10,6.91,AU,1619636539
richards bay,-28.783,32.0377,69.01,89,7,4.72,ZA,1619636540
raychikhinsk,49.7838,129.4121,38.37,50,18,6.06,RU,1619636540
kozlovka,55.8428,48.2492,41.0,87,20,13.42,RU,1619636541
ixtapa,20.7,-105.2,78.8,78,75,9.22,MX,1619636541
alice springs,-23.7,133.8833,44.6,65,0,4.61,AU,1619636292
canoa,18.355,-71.1585,86.0,70,20,18.41,DO,1619636542
padre paraiso,-17.0742,-41.4844,79.29,55,30,5.86,BR,1619636542
ogaminana,7.5946,6.2248,81.23,72,100,8.61,NG,1619636543
grand gaube,-20.0064,57.6608,75.0,93,100,7.0,MU,1619636543
varhaug,58.6147,5.6457,45.0,75,89,6.24,NO,1619636544
zavyalovo,54.5053,82.4484,42.01,93,31,6.71,RU,1619636544
boende,-0.2167,20.8667,73.71,97,100,3.11,CD,1619636545
lakes entrance,-37.8811,147.981,46.99,94,92,3.94,AU,1619636545
fortuna,40.5982,-124.1573,68.0,55,20,8.05,US,1619636337
deputatskiy,69.3,139.9,4.19,96,52,6.11,RU,1619636546
tutoia,-2.7619,-42.2744,86.0,79,40,14.97,BR,1619636547
madison,34.7334,-86.5667,82.0,50,75,5.75,US,1619636547
grootfontein,-19.5667,18.1167,62.6,63,20,3.44,NA,1619636548
derzhavinsk,51.1,66.3167,56.14,59,100,5.66,KZ,1619636549
port keats,-14.25,129.55,77.54,79,13,5.7,AU,1619636549
marang,5.2056,103.2059,77.0,94,40,4.61,MY,1619636551
north platte,41.1239,-100.7654,55.4,71,90,11.5,US,1619636552
pierre,44.3683,-100.351,62.6,45,1,4.61,US,1619636284
auki,-8.7676,160.7034,75.94,86,16,6.4,SB,1619636553
stykkisholmur,65.0757,-22.7297,42.44,66,2,4.94,IS,1619636553
san quintin,30.4833,-115.95,64.65,56,0,12.8,MX,1619636554
sao geraldo do araguaia,-6.4006,-48.555,83.84,79,88,0.43,BR,1619636554
tobol,52.6844,62.5794,47.53,71,100,10.87,KZ,1619636555
loudi,27.7344,111.9944,59.72,84,100,2.71,CN,1619636557
guerrero negro,27.9769,-114.0611,65.44,57,0,18.05,MX,1619636557
komsomolskiy,40.4272,71.7189,71.6,30,0,9.22,UZ,1619636558
saint george,37.1041,-113.5841,72.0,28,1,8.05,US,1619636461
hamilton,39.1834,-84.5333,80.01,65,40,10.36,US,1619636481
hofn,64.2539,-15.2082,41.0,48,20,18.41,IS,1619636424
airai,-8.9266,125.4092,57.34,75,33,1.14,TL,1619636559
fairbanks,64.8378,-147.7164,46.0,33,1,9.22,US,1619636398
clyde river,70.4692,-68.5914,23.0,74,20,9.22,CA,1619636560
bela,25.9333,81.9833,90.48,11,50,4.7,IN,1619636560
high level,58.5169,-117.136,30.2,43,20,5.75,CA,1619636561
tharad,24.3961,71.6267,85.68,36,8,10.76,IN,1619636561
port macquarie,-31.4333,152.9167,55.0,97,76,4.21,AU,1619636553
saint-leu,-21.15,55.2833,77.0,78,0,5.75,RE,1619636562
gisborne,-38.6533,178.0042,48.24,89,6,6.44,NZ,1619636562
luzhou,28.8724,105.4405,61.12,91,100,3.09,CN,1619636563
sao jose da coroa grande,-8.8978,-35.1478,81.18,77,75,8.19,BR,1619636563
miyako,39.6367,141.9525,55.26,83,100,4.38,JP,1619636564
port blair,11.6667,92.75,82.02,73,97,1.72,IN,1619636564
ilulissat,69.2167,-51.1,33.8,80,40,5.75,GL,1619636565
mayo,38.8876,-76.5119,88.0,37,1,10.36,US,1619636565
qaqortoq,60.7167,-46.0333,48.2,53,20,13.8,GL,1619636566
sisimiut,66.9395,-53.6735,40.8,60,100,3.89,GL,1619636566
xining,36.6167,101.7667,44.26,36,5,4.99,CN,1619636567
makakilo city,21.3469,-158.0858,78.8,65,1,3.87,US,1619636540
sidi ali,36.0998,0.4206,60.44,76,41,5.97,DZ,1619636567
naze,28.3667,129.4833,67.05,86,100,16.31,JP,1619636568
ugra,54.7777,34.3267,35.04,94,47,5.35,RU,1619636568
wattegama,6.7989,81.4808,77.0,100,75,3.44,LK,1619636569
viedma,-40.8135,-62.9967,75.63,33,100,1.79,AR,1619636569
chingirlau,51.095,54.0814,44.98,80,100,11.05,KZ,1619636570
bacolod,10.6667,122.95,77.2,82,31,7.92,PH,1619636571
goderich,43.7501,-81.7165,44.6,93,100,12.66,CA,1619636571
guanica,17.9716,-66.908,75.99,82,100,12.75,PR,1619636572
schattdorf,46.8655,8.6547,59.0,63,90,9.22,CH,1619636572
cap malheureux,-19.9842,57.6142,75.0,93,100,7.0,MU,1619636573
sandnessjoen,66.0217,12.6316,39.2,75,40,5.75,NO,1619636575
kochubey,44.3861,46.5825,56.25,63,100,5.73,RU,1619636575
alpena,45.0617,-83.4327,48.2,93,90,11.5,US,1619636576
hobyo,5.3505,48.5268,84.83,66,85,12.41,SO,1619636576
san luis,-33.295,-66.3356,74.91,31,0,6.38,AR,1619636577
henties bay,-22.116,14.2845,61.0,91,0,1.99,NA,1619636577
prestea,5.4327,-2.1428,79.16,86,99,6.2,GH,1619636578
beringovskiy,63.05,179.3167,21.61,89,15,6.04,RU,1619636578
nago,26.5881,127.9761,71.6,83,40,11.5,JP,1619636579
camara de lobos,32.6333,-16.9667,64.4,68,40,9.22,PT,1619636579
broome,42.2506,-75.833,77.0,38,40,13.8,US,1619636580
merauke,-8.4667,140.3333,76.35,89,100,4.29,ID,1619636580
kogota,38.55,141.05,55.11,86,100,1.28,JP,1619636581
ranong,9.9658,98.6348,77.81,87,100,2.21,TH,1619636564
takayama,36.1333,137.25,57.0,99,100,3.38,JP,1619636582
carauari,-4.8828,-66.8958,77.52,92,100,2.62,BR,1619636582
tuy hoa,13.0833,109.3,75.18,90,92,3.0,VN,1619636583
tiznit,29.5833,-9.5,60.22,71,48,10.27,MA,1619636583
severnyy,50.677,36.5532,44.6,45,0,2.24,RU,1619636584
khvoynaya,58.9,34.5333,33.24,93,72,4.0,RU,1619636584
kavieng,-2.5744,150.7967,81.55,75,95,4.54,PG,1619636585
umm kaddadah,13.6017,26.6876,85.89,12,11,13.6,SD,1619636585
mandalgovi,45.7625,106.2708,31.89,53,61,9.51,MN,1619636586
puerto escondido,15.85,-97.0667,87.8,70,40,16.11,MX,1619636400
lerwick,60.1545,-1.1494,42.8,70,75,10.36,GB,1619636586
holiday,28.1878,-82.7395,86.0,57,9,5.01,US,1619636503
basoko,1.2391,23.616,71.44,95,100,4.41,CD,1619636587
ribas do rio pardo,-20.4431,-53.7592,88.65,16,27,8.99,BR,1619636588
srandakan,-7.9386,110.2506,78.28,71,96,3.02,ID,1619636588
pervomayskiy,53.2485,40.2871,42.01,58,100,7.4,RU,1619636589
rawson,-43.3002,-65.1023,64.4,52,85,5.75,AR,1619636452
grand-lahou,5.1367,-5.0242,81.55,82,100,8.88,CI,1619636590
anklam,53.8564,13.6897,46.0,68,100,7.9,DE,1619636590
tezu,27.9167,96.1667,76.46,37,95,4.5,IN,1619636591
luderitz,-26.6481,15.1594,62.13,81,0,15.88,NA,1619636591
bacalar,18.6667,-88.3833,89.01,62,20,17.27,MX,1619636592
lagoa,39.05,-27.9833,58.86,69,53,14.2,PT,1619636592
leova,46.4786,28.2553,43.66,78,79,4.27,MD,1619636594
ust-nera,64.5667,143.2,19.83,98,88,1.25,RU,1619636596
kachug,53.9606,105.8817,23.52,72,5,1.52,RU,1619636596
vuktyl,63.8567,57.3094,38.8,91,100,3.78,RU,1619636597
gravdal,68.1214,13.5031,35.6,55,0,9.22,NO,1619636597
am timan,11.0297,20.2827,97.11,21,100,8.5,TD,1619636534
eustis,28.8528,-81.6853,84.0,47,40,8.05,US,1619636438
kapoeta,4.7717,33.5903,85.21,36,100,10.49,SS,1619636598
valleyview,55.0667,-117.2859,28.4,74,100,5.06,CA,1619636599
kysyl-syr,63.8986,122.7617,8.91,97,67,3.44,RU,1619636599
crystal beach,42.8699,-79.0583,55.99,93,100,20.71,CA,1619636580
alyangula,-13.8483,136.4192,73.4,100,70,9.69,AU,1619636600
cayenne,4.9333,-52.3333,82.4,83,75,6.91,GF,1619636600
luganville,-15.5333,167.1667,75.65,81,91,10.42,VU,1619636601
kununurra,-15.7667,128.7333,78.8,89,90,4.61,AU,1619636601
vila,42.0304,-8.1588,57.0,63,44,7.0,PT,1619636602
salinopolis,-0.6136,-47.3561,82.69,71,97,7.67,BR,1619636602
sioux lookout,50.1001,-91.917,60.8,29,75,6.91,CA,1619636603
corn island,12.1694,-83.0418,80.65,71,100,11.68,NI,1619636603
launceston,-41.45,147.1667,45.0,100,67,3.44,AU,1619636410
pekan,3.4836,103.3996,78.8,89,20,2.44,MY,1619636604
inhambane,-23.865,35.3833,73.4,88,20,7.9,MZ,1619636604
kragero,58.8693,9.4149,46.4,34,0,3.44,NO,1619636605
oussouye,12.485,-16.5469,87.8,65,0,11.5,SN,1619636605
san andres,12.5847,-81.7006,86.0,66,75,10.36,CO,1619636606
tartus,34.889,35.8866,64.4,77,0,4.61,SY,1619636606
grindavik,63.8424,-22.4338,46.4,57,0,14.97,IS,1619636607
hachinohe,40.5,141.5,48.99,92,100,6.08,JP,1619636607
nishihara,26.1842,127.7558,73.4,83,40,11.5,JP,1619636607
tombouctou,20.0,-3.0,97.3,9,100,6.2,ML,1619636608
pangody,65.85,74.4859,27.73,91,100,6.53,RU,1619636608
locri,38.2414,16.2623,64.4,72,0,10.36,IT,1619636609
sosnogorsk,63.6023,53.8817,36.45,93,100,2.8,RU,1619636609
atambua,-9.1061,124.8925,69.35,82,16,2.68,ID,1619636610
dong xoai,11.5333,106.9167,74.19,91,100,3.4,VN,1619636611
shenjiamen,29.9576,122.298,60.85,89,100,6.06,CN,1619636611
nouakchott,18.0858,-15.9785,75.2,60,68,18.41,MR,1619636612
bonavista,48.6499,-53.1147,42.8,87,100,10.36,CA,1619636612
oeiras do para,-2.0031,-49.8544,81.75,84,100,1.28,BR,1619636613
tra vinh,9.9347,106.3453,79.29,84,82,4.45,VN,1619636616
ust-uda,54.1742,103.0304,27.52,71,100,3.96,RU,1619636616
killybegs,54.6333,-8.45,48.2,71,75,12.66,IE,1619636617
iberia,29.9502,-91.7507,84.2,61,1,20.71,US,1619636444
garowe,8.4054,48.4845,81.21,67,19,15.12,SO,1619636619
morant bay,17.8815,-76.4093,87.8,62,20,8.05,JM,1619636620
banihal,33.4167,75.2,55.26,61,20,4.25,IN,1619636620
northam,51.0333,-4.2167,45.0,90,97,4.0,GB,1619636621
calama,-22.4667,-68.9333,71.6,7,0,21.85,CL,1619636414
ukholovo,53.7929,40.4892,42.01,51,100,8.34,RU,1619636622
fort nelson,58.8053,-122.7002,24.8,63,75,3.44,CA,1619636407
morgan city,29.6994,-91.2068,84.99,65,20,17.27,US,1619636620
belousovka,50.1339,82.5239,57.2,38,75,2.24,KZ,1619636622
priargunsk,50.3691,119.1012,28.81,92,100,8.88,RU,1619636623
ilo,-17.6394,-71.3375,73.4,68,0,10.36,PE,1619636623
george,-33.963,22.4617,59.0,88,75,5.75,ZA,1619636624
chelmek,50.1016,19.248,53.01,44,64,5.39,PL,1619636624
imbituba,-28.24,-48.6703,75.2,57,20,13.8,BR,1619636401
pizarro,4.9533,-77.366,76.26,90,100,8.5,CO,1619636625
trim,53.555,-6.7917,48.2,61,75,11.5,IE,1619636626
zhangye,38.9342,100.4517,60.6,17,84,11.54,CN,1619636626
akdepe,42.0551,59.3788,77.0,29,0,4.61,TM,1619636627
pacific grove,36.6177,-121.9166,78.01,63,1,6.91,US,1619636627
synya,65.3718,58.0387,32.02,96,100,3.85,RU,1619636627
bama,11.5221,13.6856,90.1,8,99,9.04,NG,1619636628
anadyr,64.75,177.4833,17.6,79,0,8.95,RU,1619636629
bambanglipuro,-7.95,110.2833,77.27,71,100,3.2,ID,1619636629
belaya gora,68.5333,146.4167,3.61,98,71,1.57,RU,1619636630
juegang,32.3174,121.1855,55.76,67,20,7.45,CN,1619636630
daru,-9.0763,143.2092,77.11,88,100,8.66,PG,1619636630
chuy,-33.6971,-53.4616,67.68,55,7,4.36,UY,1619636631
zlobin,45.2924,14.6541,55.99,88,75,3.44,HR,1619636632
kahului,20.8947,-156.47,78.8,73,40,6.91,US,1619636630
kampot,10.6167,104.1833,78.8,94,40,2.3,KH,1619636632
kstovo,56.1473,44.1979,42.8,56,0,6.71,RU,1619636633
ambovombe,-25.1667,46.0833,72.21,88,0,8.99,MG,1619636633
manado,1.487,124.8455,75.2,94,20,2.3,ID,1619636460
humaita,-7.5061,-63.0208,83.28,86,95,1.28,BR,1619636634
azanka,58.0401,64.7893,44.38,56,94,9.75,RU,1619636634
broumov,50.5857,16.3318,46.99,58,95,4.74,CZ,1619636635
broken hill,-31.95,141.4333,51.8,54,0,5.75,AU,1619636635
puerto padre,21.195,-76.6028,93.2,31,40,16.11,CU,1619636636
altamira,-3.2033,-52.2064,89.6,58,40,4.61,BR,1619636636
saint-joseph,-21.3667,55.6167,77.0,78,0,5.75,RE,1619636637
maningrida,-12.0667,134.2667,74.25,93,100,8.01,AU,1619636637
bay roberts,47.5999,-53.2648,48.0,71,98,4.0,CA,1619636638
otuzco,-7.9,-78.5833,66.2,82,40,11.5,PE,1619636638
dukat,62.55,155.55,12.24,69,100,3.18,RU,1619636639
santa vitoria do palmar,-33.5189,-53.3681,67.59,54,2,3.42,BR,1619636624
labuhan,-6.8844,112.2051,76.51,82,100,5.7,ID,1619636639
boyolangu,-8.1181,111.8935,73.71,79,99,0.07,ID,1619636640
camabatela,-8.1881,15.375,65.48,91,80,3.6,AO,1619636640
agaro,7.85,36.65,63.05,97,100,2.44,ET,1619636641
gorin,51.1983,136.6669,41.25,93,100,4.0,RU,1619636641
kawalu,-7.3817,108.2082,72.05,91,98,0.51,ID,1619636642
hasaki,35.7333,140.8333,62.6,77,75,10.36,JP,1619636642
tura,25.5198,90.2201,79.95,32,0,4.7,IN,1619636643
kaeo,-35.1,173.7833,45.0,94,8,6.2,NZ,1619636643
terrace bay,48.7834,-87.1,62.6,44,75,5.75,CA,1619636644
kovernino,57.1253,43.8142,38.73,86,97,8.93,RU,1619636644
mantua,45.1667,10.7833,60.8,67,75,4.61,IT,1619636645
mangrol,21.1167,70.1167,80.91,78,100,9.71,IN,1619636646
mount isa,-20.7333,139.5,59.0,55,0,5.75,AU,1619636647
tual,-5.6667,132.75,83.3,68,45,5.44,ID,1619636647
cairns,-16.9167,145.7667,70.0,94,40,4.61,AU,1619636527
tottori,35.5,134.2333,57.69,96,100,2.77,JP,1619636648
koslan,63.4564,48.8989,32.02,88,100,6.42,RU,1619636649
aykhal,66.0,111.5,13.87,98,77,7.58,RU,1619636650
bathsheba,13.2167,-59.5167,80.6,65,75,17.27,BB,1619636651
opuwo,-18.0607,13.84,70.52,44,7,5.5,NA,1619636651
avon,41.4517,-82.0354,78.8,57,90,11.5,US,1619636483
olovyannaya,50.95,115.5667,27.09,74,76,14.99,RU,1619636653
hornepayne,49.2138,-84.7705,54.81,51,99,6.06,CA,1619636653
sillod,20.3,75.65,86.0,39,75,7.45,IN,1619636654
upington,-28.4478,21.2561,78.8,31,40,6.91,ZA,1619636656
aksarka,66.5606,67.7975,24.96,90,100,7.43,RU,1619636656
sudak,44.85,34.9667,49.55,84,1,5.3,UA,1619636657
cosala,24.4125,-106.6908,77.0,80,44,5.99,MX,1619636657
nongstoin,25.5167,91.2667,66.72,41,0,4.25,IN,1619636658
itaituba,-4.2761,-55.9836,89.6,62,40,2.68,BR,1619636658
middle island,40.8843,-72.9373,69.8,52,1,9.22,US,1619636659
gizo,-8.103,156.8419,80.65,78,81,11.59,SB,1619636659
uvira,-3.4067,29.1458,77.0,83,20,2.1,CD,1619636660
fengzhen,40.4394,113.1536,41.5,43,86,11.16,CN,1619636660
bud,39.447,-86.1758,73.4,73,75,9.22,US,1619636661
rorvik,64.8621,11.2373,37.4,70,40,6.91,NO,1619636591
nelson bay,-32.7167,152.15,55.99,100,40,4.61,AU,1619636662
chhabra,24.6667,76.8333,91.72,7,5,2.8,IN,1619636662
tuatapere,-46.1333,167.6833,53.01,92,99,3.0,NZ,1619636663
kamaishi,39.2667,141.8833,55.94,81,100,3.71,JP,1619636663
chegdomyn,51.1167,133.0167,38.01,97,100,3.2,RU,1619636664
the valley,18.217,-63.0578,79.0,73,75,14.97,AI,1619636664
madang,-5.2246,145.7966,75.06,91,100,5.35,PG,1619636665
vao,-22.6667,167.4833,73.83,54,100,14.85,NC,1619636665
lake city,30.1897,-82.6393,82.4,53,90,4.34,US,1619636666
mitsamiouli,-11.3847,43.2844,81.27,76,1,8.05,KM,1619636666
nalut,30.3333,10.85,90.61,13,75,11.72,LY,1619636667
okha,53.5739,142.9478,27.43,81,100,11.14,RU,1619636667
banda aceh,5.5577,95.3222,79.79,79,94,3.65,ID,1619636668
karratha,-20.7377,116.8463,78.49,30,0,9.71,AU,1619636668
mokhsogollokh,61.4681,128.9203,11.57,98,73,2.55,RU,1619636669
sabang,5.8933,95.3214,82.98,70,17,2.39,ID,1619636669
atar,20.5169,-13.0499,98.6,11,86,9.22,MR,1619636670
gari,59.4307,62.3497,38.32,74,95,10.74,RU,1619636671
ponta delgada,37.7333,-25.6667,60.8,67,20,5.75,PT,1619636671
hirara,24.8,125.2833,73.35,79,92,11.74,JP,1619636672
amazar,53.858,120.875,25.59,87,100,9.24,RU,1619636673
stony plain,53.5334,-114.0021,48.99,61,90,8.05,CA,1619636673
groa,62.65,8.7167,39.2,65,0,14.97,NO,1619636674
oriximina,-1.7656,-55.8661,84.81,68,97,1.07,BR,1619636674
caravelas,-17.7125,-39.2481,79.75,65,7,6.71,BR,1619636675
carsamba,41.1989,36.7219,59.0,87,40,3.44,TR,1619636676
forest,37.3638,-79.2897,87.01,42,20,10.36,US,1619636455
outjo,-20.1167,16.15,71.26,29,5,7.74,NA,1619636676
iranshahr,27.2025,60.6848,91.4,15,40,11.5,IR,1619636678
ondjiva,-17.0667,15.7333,75.0,30,4,6.71,AO,1619636679
muli,2.9167,73.5667,83.28,69,100,6.11,MV,1619636679
lima,-12.0432,-77.0282,71.01,73,75,6.91,PE,1619636413
iquitos,-3.7481,-73.2472,84.2,74,40,5.75,PE,1619636680
stantsionno-oyashinskiy,55.4664,83.8245,42.01,86,2,7.05,RU,1619636681
khovu-aksy,51.1333,93.6,44.2,80,100,4.18,RU,1619636681
eaglesfield,54.6406,-3.4044,45.0,63,100,10.65,GB,1619636682
sibolga,1.7427,98.7792,76.23,91,100,3.85,ID,1619636684
zolotkovo,55.5281,41.1053,33.96,92,13,6.44,RU,1619636684
udachnyy,66.4167,112.4,10.09,98,64,5.37,RU,1619636685
alofi,-19.0595,-169.9187,80.6,89,100,8.05,NU,1619636686
ilukste,55.9775,26.2966,37.15,73,21,0.45,LV,1619636686
yayva,59.3303,57.2641,36.0,98,100,1.99,RU,1619636687
beipiao,41.7919,120.7792,52.66,23,100,8.57,CN,1619636687
baykit,61.67,96.37,30.04,94,100,4.0,RU,1619636688
marystown,47.1666,-55.1483,38.89,93,100,14.99,CA,1619636688
ust-ishim,57.6935,71.1665,48.25,60,100,6.82,RU,1619636689
sabancuy,18.9667,-91.1833,96.53,37,0,2.95,MX,1619636689
lasa,46.6166,10.7002,62.6,57,75,5.75,IT,1619636690
chabahar,25.2919,60.643,84.7,59,42,8.21,IR,1619636690
camacupa,-12.0167,17.4833,67.96,60,67,1.41,AO,1619636656
amapa,1.0,-52.0,78.48,89,100,3.96,BR,1619636691
carutapera,-1.195,-46.02,83.62,70,62,6.62,BR,1619636691
buala,-8.145,159.5921,78.13,84,32,4.09,SB,1619636692
xaxim,-26.9617,-52.5347,69.8,28,0,11.5,BR,1619636692
cockburn town,21.4612,-71.1419,78.37,74,1,19.48,TC,1619636693
victoria point,-27.5833,153.3,64.0,81,100,8.16,AU,1619636693
chapais,49.7834,-74.8492,57.2,33,1,4.61,CA,1619636694
filingue,14.3521,3.3168,98.24,9,1,8.84,NE,1619636694
minnedosa,50.2453,-99.8436,44.6,36,90,19.57,CA,1619636695
lompoc,34.6391,-120.4579,71.6,49,0,18.41,US,1619636501
san rafael,-34.6177,-68.3301,76.35,30,0,18.16,AR,1619636626
norfolk,42.1668,-71.2495,73.99,52,1,10.36,US,1619636617
matsuura,33.3271,129.721,62.01,84,100,1.43,JP,1619636697
barcelos,41.5388,-8.6151,60.01,72,20,13.8,PT,1619636697
kirakira,-10.4544,161.9205,75.97,78,44,4.45,SB,1619636698
valley city,46.9233,-98.0032,68.0,26,40,10.36,US,1619636698
dunedin,-45.8742,170.5036,53.01,85,100,3.67,NZ,1619636404
srednekolymsk,67.45,153.6833,24.58,97,100,3.06,RU,1619636699
nizwa,22.9333,57.5333,85.23,21,97,5.41,OM,1619636700
iwanai,42.9744,140.5089,45.45,88,55,5.57,JP,1619636700
zhicheng,30.2956,111.5047,62.01,75,100,5.12,CN,1619636701
klyuchi,52.2667,79.1667,48.85,80,79,7.76,RU,1619636701
yanam,16.7333,82.2167,79.41,84,18,2.89,IN,1619636703
aripuana,-9.1667,-60.6333,87.3,58,80,3.31,BR,1619636704
tilichiki,60.4667,166.1,24.48,86,100,7.0,RU,1619636704
plover,44.4564,-89.544,63.0,55,1,5.75,US,1619636705
shahrud,36.4182,54.9763,65.1,56,100,9.93,IR,1619636705
